% Initialisation File
% This file populates all the look-up tables required by the J31 simulation
% Written by A K Cooke - 1 Mar 07, updated 8 Jul 08

% whole aircraft data
% format: clean_lift_data = [Mach, CL0_0, a1_0]

clean_lift_data =[
   	0.05, 0.2688, 5.1865;
	0.10, 0.2801, 5.2089;
	0.15, 0.2872, 5.2474;
	0.20, 0.2937, 5.2823;
	0.25, 0.2993, 5.3203;
	0.30, 0.3049, 5.3664;
	0.35, 0.3100, 5.4309;
	0.40, 0.3159, 5.5013;
	0.45, 0.3225, 5.5798;
	0.50, 0.3291, 5.6680;
	0.55, 0.3349, 5.7559];

% format: flaps_lift_data = [Mach, CL0_10, a1_10, CL0_20, a1_20, CL0_35, a1_35, DelCL0_10, DelCL0_20, DelCL0_35,
%                                   kf_10, kf_20, kf_35]
flaps_lift_data =[
   	0.05, 0.5451, 5.5454, 0.7727, 5.5719, 0.9523, 5.5927, 0.280, 0.523, 0.713, 2.021, 2.024, 2.036;
	0.10, 0.5545, 5.6227, 0.7827, 5.6492, 0.9627, 5.6071, 0.281, 0.524, 0.715, 2.018, 2.021, 2.034;
	0.15, 0.5611, 5.6833, 0.7903, 5.7101, 0.9711, 5.7312, 0.282, 0.527, 0.718, 2.014, 2.017, 2.029;
	0.20, 0.5676, 5.7415, 0.7983, 5.7687, 0.9804, 5.7902, 0.284, 0.530, 0.723, 2.008, 2.011, 2.023;
	0.25, 0.5740, 5.8004, 0.8067, 5.8283, 0.9904, 5.8502, 0.287, 0.535, 0.729, 2.000, 2.003, 2.016];

% tail data
% format: tail data = [Mach, de/da_0, a1t, xb0/cr, a2, kf]

tail_data = [
	0.05, 0.3295, 2.990, 0.349, 1.765, 0.7918;	
	0.10, 0.3289, 3.026, 0.349, 1.772, 0.7961;
	0.15, 0.3286, 3.054, 0.349, 1.783, 0.7995;
	0.20, 0.3284, 3.081, 0.349, 1.800, 0.8027;
	0.25, 0.3283, 3.101, 0.349, 1.821, 0.8061; 
	0.30, 0.3282, 3.124, 0.349, 1.848, 0.8101;
	0.35, 0.3289, 3.149, 0.348, 1.882, 0.8146;
	0.40, 0.3302, 3.176, 0.348, 1.924, 0.8197;	
	0.45, 0.3325, 3.200, 0.348, 1.974, 0.8255;	
	0.50, 0.3355, 3.216, 0.348, 2.036, 0.8323;	
	0.55, 0.3400, 3.248, 0.347, 2.111, 0.8402];

% format: flaps_tail data = [Mach, de/da_10, de/da_20, de/da_35]

flaps_tail_data = [
	0.05, 0.3628, 0.3361, 0.3145;	
	0.10, 0.3637, 0.3373, 0.3158;
	0.15, 0.3651, 0.3386, 0.3172;
	0.20, 0.3671, 0.3404, 0.3188;
	0.25, 0.3694, 0.3423, 0.3204];

% wing data 
% matrix format:
%   [Mach, a1, alpha_0, alpha*, aoa_max, CLmax, CM0W, Delxh/mac]

clean_wing_data=[
    0.05,4.942,-0.03407,0.1917,0.2696,1.432,-0.0698,0.1915;	
    0.10,5.012,-0.03515,0.1906,0.2674,1.447,-0.0701,0.1892;	
    0.15,5.068,-0.03566,0.1894,0.2653,1.456,-0.0705,0.1878;
    0.20,5.122,-0.03604,0.1709,0.2460,1.374,-0.0711,0.1869;
    0.25,5.179,-0.03624,0.1565,0.2308,1.311,-0.0719,0.1863;
    0.30,5.245,-0.03632,0.1404,0.2139,1.239,-0.0729,0.1857;
    0.35,5.320,-0.03637,0.1282,0.2006,1.186,-0.0742,0.1852;
    0.40,5.407,-0.03639,0.1178,0.1892,1.143,-0.0758,0.1847; 
    0.45,5.506,-0.03636,0.1214,0.1892,1.143,-0.0777,0.1842;	
    0.50,5.621,-0.03617,0.1131,0.1892,1.143,-0.0800,0.1836;
    0.55,5.735,-0.03585,0.1066,0.1892,1.143,-0.0827,0.1835];

% flaps_wing_data 
% matrix format:
%   [Mach, n, a1_10, alpha_0_10, alpha*_10, a1_20, alpha_0_20, alpha*_20
%                         a1_35, alpha_0_35, alpha*_35, a1*_10, aoa_max10, CLmax10, a1*_20, aoa_max20, CLmax20
%                                                                                   a1*_35, aoa_max35, CLmax35]

flaps_wing_data=[
    0.05,0.835,4.990,-0.0733,0.2317,5.005,-0.1222,0.2157,5.000,-0.1615,0.2183,4.365,0.3210,1.821,4.243,0.3077,1.968,4.048,0.3147,2.140;	
    0.10,0.735,5.004,-0.0739,0.2360,5.019,-0.1228,0.2212,5.014,-0.1619,0.2251,4.433,0.3240,1.856,4.319,0.3155,2.010,4.137,0.3193,2.190;	
    0.15,0.670,5.028,-0.0742,0.2374,5.043,-0.1230,0.2232,5.038,-0.1620,0.2276,4.494,0.3242,1.877,4.338,0.3120,2.035,4.215,0.3201,2.220;
    0.20,0.610,5.064,-0.0743,0.2174,5.079,-0.1231,0.2027,5.073,-0.1620,0.2063,4.631,0.3016,1.802,4.542,0.2886,1.963,4.394,0.2951,2.151];

% downwash data
M_ords  = [0.05,0.10,0.15,0.20,0.25];           % Mach ordinates for downwash estimation (flaps deployed)
a       = [-0.06981,0.01745,0.10472,0.19199];   % AoA ordinates for downwash estimation (flaps deployed)


% 2D lookup Mach v wing incidence

e_data10 = [
            0.00804	0.04114	0.07290	0.10301
            0.00859	0.04172	0.07356	0.10381
            0.00890	0.04215	0.07410	0.10449
            0.00915	0.04259	0.07471	0.10525
            0.00935	0.04303	0.07535	0.10605];
        
 e_data20 = [
            0.02556	0.05648	0.08584	0.11356
            0.02608	0.05705	0.08651	0.11438
            0.02643	0.05751	0.08709	0.11509
            0.02674	0.05799	0.08772	0.11586
            0.02703	0.05850	0.08839	0.11666];    
        
e_data35 = [
            0.03807	0.06710	0.09451	0.12040
            0.03858	0.06767	0.09520	0.12125
            0.03891	0.06812	0.09577	0.12195
            0.03928	0.06864	0.09644	0.12274
            0.03962	0.06918	0.09711	0.12350];
        
            
 % cp shift data
 % AoA ordinates for centre of lift estimation (flaps deployed)
 a_h       = [0.03491,0.06981,0.10472,0.13963,0.17453,0.20944,0.24435]; 
                                                
 % 2D lookup Mach v body incidence
 h_data10  =[
            -0.00935,-0.00887,-0.00849,-0.00818,-0.00790;
            -0.00930,-0.00882,-0.00844,-0.00814,-0.00786;
            -0.01005,-0.00954,-0.00913,-0.00881,-0.00851;
            -0.01104,-0.01048,-0.01004,-0.00969,-0.00937;
            -0.01213,-0.01153,-0.01105,-0.01067,-0.01032;
            -0.01328,-0.01263,-0.01211,-0.01170,-0.01132;
            -0.01447,-0.01376,-0.01320,-0.01276,-0.01234];
        
 h_data20  =[
            -0.02282,-0.02172,-0.02085,-0.02016,-0.01951;
            -0.02003,-0.01905,-0.01827,-0.01766,-0.01708;
            -0.01960,-0.01864,-0.01788,-0.01728,-0.01671;
            -0.01993,-0.01895,-0.01818,-0.01757,-0.01700;
            -0.02059,-0.01959,-0.01880,-0.01817,-0.01757;
            -0.02145,-0.02040,-0.01958,-0.01893,-0.01831;
            -0.02241,-0.02133,-0.02047,-0.01979,-0.01915];
        
 h_data35  =[
            -0.05350,-0.05106,-0.04914,-0.04762,-0.04618;
            -0.04421,-0.04218,-0.04058,-0.03931,-0.03811;
            -0.04091,-0.03903,-0.03754,-0.03637,-0.03525;
            -0.03956,-0.03773,-0.03629,-0.03515,-0.03408;
            -0.03911,-0.03730,-0.03588,-0.03475,-0.03369;
            -0.03916,-0.03735,-0.03593,-0.03480,-0.03373;
            -0.03953,-0.03770,-0.03626,-0.03513,-0.03405];
        
% fuselage data
% matrix format:
%   [Mach, Mq, Cma]
fus_data = [
    0.05,-0.3689,0.3390;
 	0.10,-0.3692,0.3419;
	0.15,-0.3697,0.3437;
	0.20,-0.3703,0.3451;
	0.25,-0.3712,0.3460;
	0.30,-0.3723,0.3470;
	0.35,-0.3736,0.3477;
	0.40,-0.3751,0.3482;
	0.45,-0.3768,0.3485;
	0.50,-0.3789,0.3486;
	0.55,-0.3812,0.3468];

% format: free_mom_flap data = [Mach, Cma_10, Cma_20, Cma_35]

free_mom_flap_data = [
	0.05,0.3646,0.3682,0.3695;
    0.10,0.3649,0.3685,0.3697;
    0.15,0.3652,0.3687,0.3699;
    0.20,0.3657,0.3691,0.3702;
    0.25,0.3661,0.3694,0.3705];

% profile drag data
% matrix format
%   [Mach, D0/q_wing, D0/q_fus, D0/q_tail, D0/q_fin, D0/q_nacs]
pdrag_data = [    
    0.05,0.26755,0.47045,0.09366,0.05739,0.08662;
	0.10,0.24113,0.44593,0.08309,0.05112,0.07838;
	0.15,0.22536,0.43304,0.07765,0.04789,0.07408;
	0.20,0.20739,0.42438,0.07405,0.04574,0.07122;
	0.25,0.19661,0.41786,0.07137,0.04413,0.06908;
	0.30,0.19993,0.41260,0.07136,0.04416,0.06736;
	0.35,0.20226,0.40816,0.07131,0.04416,0.06592;
	0.40,0.20437,0.40428,0.07123,0.04413,0.06468;
	0.45,0.20555,0.40081,0.07111,0.04408,0.06356;
	0.50,0.20728,0.39764,0.07096,0.04400,0.06254;
	0.55,0.20954,0.39471,0.07077,0.04391,0.06160];

% control drag data
% matrix format
%   [deflection, elevator, rudder, aileron]
cdrag_data = [
	-0.5236,0.58993,0.23164, 0.22077;
	-0.4363,0.44106,0.17319, 0.14592;
	-0.3491,0.29951,0.11761, 0.08077;
	-0.2618,0.17630,0.06923, 0.03033;
	-0.1745,0.08091,0.03177,-0.00156;
	-0.0873,0.02062,0.00810,-0.01246;
	 0.0000,0.00000,0.00000, 0.00000;
	 0.0873,0.02062,0.00810, 0.03644;
	 0.1745,0.08091,0.03177, 0.09408;
	 0.2618,0.17630,0.06923, 0.16854;
	 0.3491,0.29951,0.11761, 0.25408;
	 0.4363,0.44106,0.17319, 0.34405;
	 0.5236,0.58993,0.23164, 0.43130];
